# time [s]	  Signal 1	  Signal 2
      0.00	    0.3285	    0.1096
      0.05	    0.3690	    0.8394
      0.10	    0.8156	    0.4409
      0.15	   -0.3451	   -0.8416
      0.20	   -0.6717	    0.5600
      0.25	   -0.5807	    0.4303
      0.30	   -0.1419	    0.5509
      0.35	   -0.2641	   -0.1161
      0.40	   -0.6167	    0.5134
      0.45	    0.9849	   -0.2441
      0.50	   -0.7732	    0.9718
      0.55	    0.0993	   -0.2990
      0.60	    0.2557	   -0.0702
      0.65	    0.7995	   -0.5469
      0.70	    0.7677	   -0.6628
      0.75	    0.8168	    0.1419
      0.80	   -0.3056	    0.1236
      0.85	    0.6051	    0.7667
      0.90	    0.7206	   -0.3374
      0.95	   -0.4678	    0.6261
      1.00	    0.8684	    0.9240
      1.05	    0.1238	    0.8590
      1.10	    0.9409	    0.3700
      1.15	   -0.8644	    0.2359
      1.20	    0.4652	    0.4252
      1.25	   -0.2387	    0.8402
      1.30	   -0.9649	   -0.6370
      1.35	   -0.7012	   -0.8635
      1.40	    0.1193	    0.8231
      1.45	    0.1053	    0.9471
      1.50	   -0.1050	    0.9524
      1.55	   -0.0663	    0.5821
      1.60	    0.3961	    0.6536
      1.65	    0.6673	   -0.6562
      1.70	    0.1172	    0.2583
      1.75	   -0.6648	   -0.8428
      1.80	    0.2324	   -0.1414
      1.85	   -0.6101	   -0.3226
      1.90	   -0.0905	   -0.4192
      1.95	    0.2758	    0.6542
      2.00	   -0.8896	    0.1449
      2.05	   -0.1627	    0.4633
      2.10	   -0.2256	    0.2066
      2.15	    0.8391	    0.1075
      2.20	    0.5821	    0.4009
      2.25	   -0.8931	    0.1552
      2.30	    0.5728	    0.0335
      2.35	   -0.7520	   -0.5421
      2.40	   -0.4622	   -0.6634
      2.45	   -0.8114	   -0.5981
      2.50	    0.1940	    0.7014
      2.55	   -0.4024	   -0.5193
      2.60	   -0.0555	   -0.5233
      2.65	    0.2074	   -0.1588
      2.70	    0.4636	    0.4566
      2.75	   -0.4545	    0.3921
      2.80	   -0.6947	    0.2587
      2.85	    0.4223	   -0.2835
      2.90	    0.7047	   -0.7186
      2.95	   -0.2470	   -0.6744
      3.00	    0.4140	    0.9607
      3.05	   -0.5810	    0.5687
      3.10	    0.1675	   -0.8127
      3.15	    0.9684	   -0.8472
      3.20	    0.0598	   -0.7094
      3.25	    0.8991	    0.6209
      3.30	    0.0303	   -0.0854
      3.35	   -0.3525	    0.4712
      3.40	    0.4808	   -0.7430
      3.45	   -0.5713	   -0.7514
      3.50	   -0.9949	    0.0911
      3.55	   -0.7976	    0.0795
      3.60	   -0.0480	   -0.7092
      3.65	   -0.2486	   -0.9972
      3.70	   -0.6699	    0.4366
      3.75	   -0.1469	   -0.2192
      3.80	    0.1353	    0.7292
      3.85	    0.0824	    0.8369
      3.90	    0.8293	    0.0890
      3.95	    0.5748	   -0.2049
      4.00	    0.3534	   -0.8391
      4.05	    0.5106	   -0.3357
      4.10	    0.0201	    0.4234
      4.15	   -0.2806	    0.9995
      4.20	    0.4362	   -0.2991
      4.25	   -0.2154	    0.4430
      4.30	    0.6081	   -0.3131
      4.35	    0.2379	   -0.7527
      4.40	    0.2226	   -0.2167
      4.45	    0.1540	   -0.2919
      4.50	    0.7161	   -0.8571
      4.55	    0.5948	    0.0681
      4.60	   -0.4398	    0.4778
      4.65	    0.8506	   -0.6882
      4.70	   -0.1190	    0.8433
      4.75	   -0.5545	    0.4364
      4.80	    0.0679	    0.3682
      4.85	   -0.8401	   -0.1568
      4.90	    0.5629	   -0.0975
      4.95	    0.3105	   -0.8843
      5.00	    0.7510	    0.5298
      5.05	    0.9566	   -0.3195
      5.10	   -0.7850	    0.0955
      5.15	    0.1955	    0.7365
      5.20	   -0.1392	   -0.6913
      5.25	   -0.4231	    0.7915
      5.30	    0.7885	    0.6275
      5.35	   -0.2294	    0.0283
      5.40	   -0.1730	   -0.0389
      5.45	    0.8764	   -0.5543
      5.50	   -0.6444	    0.6832
      5.55	    0.6340	   -0.1944
      5.60	   -0.8582	    0.4056
      5.65	   -0.7792	   -0.4558
      5.70	   -0.0702	    0.0762
      5.75	    0.7953	    0.4451
      5.80	    0.6315	    0.7382
      5.85	    0.7570	    0.9752
      5.90	    0.7589	    0.6919
      5.95	   -0.8822	   -0.0479
      6.00	    0.7259	   -0.8256
      6.05	    0.0148	   -0.4696
      6.10	    0.1870	    0.3480
      6.15	    0.7608	    0.8198
      6.20	    0.5645	   -0.5206
      6.25	    0.7540	    0.3199
      6.30	   -0.6449	   -0.5968
      6.35	    0.8636	    0.5769
      6.40	   -0.4509	    0.2571
      6.45	    0.8328	    0.3836
      6.50	   -0.4175	   -0.0151
      6.55	   -0.2691	    0.7230
      6.60	    0.6975	    0.6275
      6.65	    0.6846	    0.9170
      6.70	   -0.9942	    0.3441
      6.75	   -0.2353	   -0.4526
      6.80	    0.2070	    0.5612
      6.85	   -0.3684	    0.7263
      6.90	    0.3050	    0.0255
      6.95	    0.7386	   -0.8904
      7.00	   -0.1685	   -0.8497
      7.05	   -0.1107	    0.6551
      7.10	   -0.4632	    0.4529
      7.15	   -0.7974	   -0.2808
      7.20	    0.3646	    0.8799
      7.25	    0.9024	    0.0502
      7.30	    0.5068	   -0.2105
      7.35	    0.6834	   -0.5945
      7.40	   -0.6926	   -0.2786
      7.45	   -0.1965	   -0.7258
      7.50	    0.2376	    0.4837
      7.55	    0.3413	   -0.7208
      7.60	   -0.0655	   -0.2635
      7.65	   -0.1327	   -0.4012
      7.70	    0.7895	   -0.5353
      7.75	    0.4683	    0.1564
      7.80	    0.4949	   -0.3472
      7.85	   -0.1765	    0.4551
      7.90	   -0.1235	    0.9308
      7.95	   -0.8028	   -0.3014
      8.00	   -0.4898	    0.3252
      8.05	    0.5128	   -0.4571
      8.10	    0.7854	   -0.4069
      8.15	   -0.4696	   -0.8764
      8.20	    0.3858	    0.7564
      8.25	    0.5620	   -0.1129
      8.30	   -0.0748	   -0.6189
      8.35	   -0.8015	    0.0716
      8.40	    0.4802	   -0.8493
      8.45	   -0.4769	    0.1474
      8.50	    0.1754	   -0.2571
      8.55	    0.0722	   -0.4112
      8.60	   -0.0932	   -0.8934
      8.65	    0.6758	    0.9055
      8.70	    0.0388	   -0.9273
      8.75	    0.8496	   -0.3702
      8.80	    0.2694	    0.6979
      8.85	    0.3426	    0.1569
      8.90	   -0.6844	    0.9837
      8.95	   -0.6162	    0.5750
      9.00	   -0.5288	   -0.7859
      9.05	    0.9667	   -0.9145
      9.10	   -0.6141	    0.0286
      9.15	    0.3761	    0.7285
      9.20	   -0.1663	   -0.7615
      9.25	   -0.6043	   -0.3419
      9.30	    0.2334	   -0.2210
      9.35	    0.1797	   -0.3672
      9.40	   -0.9408	   -0.4174
      9.45	   -0.6056	    0.6279
      9.50	   -0.9395	    0.2046
      9.55	   -0.2165	   -0.7521
      9.60	   -0.9543	   -0.1934
      9.65	   -0.3006	   -0.4203
      9.70	   -0.6133	   -0.2318
      9.75	   -0.7379	   -0.4644
      9.80	    0.0412	    0.7003
      9.85	    0.0910	   -0.0427
      9.90	   -0.8836	    0.7446
      9.95	   -0.8837	    0.7418
     10.00	   -0.3621	    0.8462
     10.05	    0.8778	   -0.8936
     10.10	   -0.9918	   -0.0060
     10.15	   -0.1120	    0.0426
     10.20	   -0.0949	    0.4761
     10.25	   -0.7627	    0.7863
     10.30	   -0.1301	   -0.2669
     10.35	    0.8160	   -0.7363
     10.40	   -0.3401	   -0.2661
     10.45	    0.5737	    0.2781
     10.50	    0.9534	   -0.7366
     10.55	    0.5944	   -0.8622
     10.60	    0.0306	   -0.7341
     10.65	   -0.9412	   -0.0512
     10.70	   -0.8243	   -0.1199
     10.75	    0.7404	   -0.8261
     10.80	    0.9126	    0.1571
     10.85	   -0.3325	   -0.5213
     10.90	   -0.5501	    0.5954
     10.95	    0.1557	    0.1950
     11.00	   -0.7573	    0.6648
     11.05	   -0.6493	    0.3816
     11.10	    0.1508	    0.1857
     11.15	    0.8490	    0.2317
     11.20	    0.1398	    0.8940
     11.25	   -0.4239	    0.3379
     11.30	   -0.0523	   -0.5431
     11.35	   -0.7047	   -0.5057
     11.40	    0.4227	    0.9185
     11.45	   -0.0275	   -0.4654
     11.50	    0.7851	    0.0250
     11.55	   -0.7079	    0.1517
     11.60	    0.0789	   -0.5289
     11.65	   -0.0823	   -0.9289
     11.70	   -0.2863	   -0.9243
     11.75	   -0.9146	   -0.9003
     11.80	   -0.2606	    0.0397
     11.85	    0.7309	   -0.9825
     11.90	   -0.0238	    0.2925
     11.95	   -0.2877	    0.2776
     12.00	    0.4433	    0.3034
     12.05	   -0.4311	   -0.9046
     12.10	   -0.5979	    0.3967
     12.15	    0.9328	    0.2603
     12.20	   -0.0783	    0.8450
     12.25	   -0.1276	   -0.2975
     12.30	   -0.2865	    0.6856
     12.35	   -0.8007	   -0.7384
     12.40	   -0.3515	    0.7367
     12.45	   -0.5325	   -0.3990
     12.50	   -1.0205	   -3.4791
     12.55	   -0.9274	   -0.2773
     12.60	   -3.8653	    0.8511
     12.65	   -3.0539	    2.9179
     12.70	   -0.6824	   -1.6387
     12.75	    0.2400	    2.0852
     12.80	   -0.0728	   -0.8047
     12.85	   -2.5078	    2.3094
     12.90	   -1.9717	    3.3378
     12.95	   -1.6029	    0.0295
     13.00	    0.9242	   -0.4482
     13.05	    1.7321	    0.6180
     13.10	    2.1328	   -0.9562
     13.15	   -0.4211	    2.9608
     13.20	   -2.2092	   -3.9079
     13.25	   -2.5174	    2.4269
     13.30	   -3.3502	   -2.9590
     13.35	   -1.0619	    2.0194
     13.40	   -0.7345	    0.1642
     13.45	    0.0978	    1.0298
     13.50	    0.5489	   -0.9788
     13.55	   -0.5749	   -2.3287
     13.60	   -1.2277	    0.7374
     13.65	   -1.0626	    3.0343
     13.70	   -0.9613	    3.8259
     13.75	    0.3162	   -1.9034
     13.80	    1.1662	    2.0050
     13.85	    2.0353	    2.1868
     13.90	    0.7659	   -3.5672
     13.95	   -1.9242	   -0.7969
     14.00	   -3.4706	    0.3670
     14.05	   -2.5836	    2.2752
     14.10	   -1.1978	    2.4171
     14.15	    2.3467	    2.9769
     14.20	    2.8659	   -3.0431
     14.25	    1.3129	    3.2594
     14.30	   -0.2114	    1.5596
     14.35	   -0.8173	    1.8221
     14.40	    1.2901	   -2.9735
     14.45	    1.7153	   -3.2555
     14.50	    2.1318	   -3.1007
     14.55	    0.9194	    0.8500
     14.60	   -0.4671	    1.8704
     14.65	    0.2276	   -3.2697
     14.70	    0.9244	   -2.8117
     14.75	   -0.4276	    1.8785
     14.80	   -1.3449	    1.4736
     14.85	   -1.1989	   -0.2172
     14.90	    1.5012	    2.2292
     14.95	    1.9074	   -1.8626
     15.00	    3.0944	   -0.6170
     15.05	    2.7163	    0.9388
     15.10	    1.2361	    3.5404
     15.15	    0.2111	    0.5825
     15.20	    1.6467	    1.3657
     15.25	    0.8381	    0.6516
     15.30	    1.2049	   -2.1898
     15.35	   -0.7121	    1.7051
     15.40	   -1.4968	    2.4653
     15.45	   -0.7522	   -1.0925
     15.50	    1.4012	    2.8135
     15.55	    1.9433	   -1.4935
     15.60	    0.1688	    1.0658
     15.65	   -0.1545	    2.9757
     15.70	    0.1621	    2.3906
     15.75	    2.6338	    1.2906
     15.80	    4.5074	   -1.8768
     15.85	    4.1121	   -1.0281
     15.90	    1.6708	   -2.5609
     15.95	   -1.0645	   -1.1345
     16.00	   -2.0597	    0.1642
     16.05	   -1.7154	   -0.3039
     16.10	    1.1488	   -3.2819
     16.15	    1.2844	   -1.6478
     16.20	    1.5248	   -1.4556
     16.25	   -0.0293	   -1.0496
     16.30	   -1.6180	   -1.4159
     16.35	   -1.2405	   -1.5143
     16.40	    0.6302	   -1.7161
     16.45	    1.5963	    3.1052
     16.50	    0.8477	    0.0245
     16.55	    2.1872	   -2.7682
     16.60	    1.4031	   -3.6415
     16.65	   -0.3935	   -1.8273
     16.70	   -1.7806	    2.1003
     16.75	   -3.3613	    3.6605
     16.80	   -4.1043	   -0.4283
     16.85	   -1.5181	    0.0484
     16.90	    1.1649	    3.9677
     16.95	    1.8676	   -3.0478
     17.00	   -0.6442	    3.5033
     17.05	   -2.3777	   -1.2554
     17.10	   -2.9649	   -2.8252
     17.15	   -0.5822	    0.4422
     17.20	    2.2412	    1.9884
     17.25	    1.8874	   -1.0231
     17.30	    0.8708	   -0.3226
     17.35	   -2.1568	    3.9538
     17.40	   -2.4417	    0.8848
     17.45	   -3.0576	   -2.4730
     17.50	   -1.5755	   -1.0599
     17.55	   -2.2574	   -0.2546
     17.60	   -1.1159	   -1.6941
     17.65	   -0.9974	    1.4694
     17.70	   -0.2016	    0.5989
     17.75	    0.5871	   -1.0775
     17.80	    0.9820	    0.9551
     17.85	   -0.8140	   -2.1024
     17.90	   -0.2849	   -3.4569
     17.95	    0.0612	   -2.2174
     18.00	    0.8745	    3.4871
     18.05	   -0.8073	    1.5523
     18.10	   -1.4166	   -0.2354
     18.15	   -3.4353	    1.5848
     18.20	   -2.2073	   -3.4872
     18.25	   -2.5487	   -3.5974
     18.30	   -1.3093	   -3.8622
     18.35	   -0.8824	   -1.1081
     18.40	   -0.4840	    0.2677
     18.45	    0.0281	   -2.1572
     18.50	    0.4739	   -2.3949
     18.55	    2.3304	   -0.0969
     18.60	    2.5388	   -2.9447
     18.65	   -0.4057	   -2.7402
     18.70	   -0.8905	   -3.8260
     18.75	   -2.6778	   -3.0852
     18.80	   -2.6020	   -1.9322
     18.85	   -0.3757	    0.9355
     18.90	    0.9212	    0.1977
     18.95	    0.8396	    2.1931
     19.00	   -0.3163	   -2.6632
     19.05	   -2.1123	    3.2221
     19.10	   -0.6798	    1.3182
     19.15	    0.8275	   -2.3128
     19.20	    2.0459	    2.5255
     19.25	    2.7175	   -2.9012
     19.30	    0.9197	   -0.8760
     19.35	    1.1475	   -2.7377
     19.40	   -0.6936	   -1.3440
     19.45	   -0.0930	    0.0373
     19.50	   -1.8681	    0.4196
     19.55	   -0.7174	   -3.5146
     19.60	    0.2513	   -1.0621
     19.65	    2.7568	    2.9327
     19.70	    3.6554	    3.6991
     19.75	    1.0732	   -0.6040
     19.80	   -0.2644	   -0.2124
     19.85	   -0.9159	    3.9951
     19.90	    1.1555	    1.8106
     19.95	    2.7139	    0.6004
     20.00	    5.0539	    1.1737
     20.05	    2.5735	    2.4782
     20.10	   -0.9345	    2.7053
     20.15	   -2.9091	   -3.9241
     20.20	   -2.2224	   -2.1218
     20.25	   -0.3149	    3.5299
     20.30	    2.4553	   -1.1955
     20.35	    2.0639	    1.3840
     20.40	    0.9362	    1.1607
     20.45	    1.1812	    2.7620
     20.50	    2.2368	   -3.8015
     20.55	    2.0543	   -1.2955
     20.60	    2.1364	   -2.5740
     20.65	    0.5406	   -0.1875
     20.70	    2.1082	    2.7666
     20.75	    1.9015	   -1.8100
     20.80	    1.5209	   -3.3865
     20.85	   -0.1870	    3.9748
     20.90	   -1.9927	    1.0948
     20.95	   -1.1670	    3.0293
     21.00	   -0.4262	   -1.2110
     21.05	    0.7785	    2.8010
     21.10	    1.4749	   -2.0857
     21.15	    2.2644	   -3.2738
     21.20	   -0.5350	   -2.4063
     21.25	    0.8877	   -3.8102
     21.30	    1.1433	    2.3053
     21.35	    2.5444	    2.8386
     21.40	    1.9283	    3.0770
     21.45	    0.2111	   -3.6346
     21.50	   -1.0993	    3.8123
     21.55	   -1.4063	    1.6075
     21.60	    0.4264	    0.2268
     21.65	    1.1031	    1.0105
     21.70	   -0.2545	    2.2827
     21.75	   -0.5618	    1.5963
     21.80	   -2.0608	    1.8789
     21.85	   -0.9090	   -2.3677
     21.90	    1.5091	   -0.7381
     21.95	    1.9853	   -2.8654
     22.00	    1.0633	    3.8845
     22.05	   -0.2640	    0.0678
     22.10	   -0.7662	    2.8188
     22.15	   -1.5111	    1.9506
     22.20	   -2.1183	    3.7148
     22.25	   -1.6877	    1.1894
     22.30	   -2.5011	    1.9633
     22.35	   -0.1095	    2.7267
     22.40	   -1.2375	    0.5225
     22.45	   -0.2939	    0.1809
     22.50	   -1.2327	    1.5418
     22.55	   -3.0908	    0.3934
     22.60	   -1.6204	   -0.2417
     22.65	   -1.4556	    1.4123
     22.70	    1.7598	   -1.1464
     22.75	    2.6791	   -0.0879
     22.80	    0.5212	    1.4263
     22.85	   -2.1180	    3.4229
     22.90	   -5.2940	    2.5561
     22.95	   -3.4139	    3.2024
     23.00	   -1.2446	   -3.8560
     23.05	    1.5334	   -1.8788
     23.10	    1.5712	    2.4678
     23.15	   -0.4983	   -0.6145
     23.20	   -1.4785	   -2.7134
     23.25	   -1.5429	   -3.8954
     23.30	   -0.4431	   -2.0339
     23.35	   -0.0235	   -0.2601
     23.40	   -0.0887	   -1.1046
     23.45	    1.1427	    1.3091
     23.50	    0.8240	    3.4867
     23.55	    0.6288	   -0.3384
     23.60	   -1.3272	   -1.6859
     23.65	   -3.1695	   -1.8709
     23.70	   -3.0889	    2.9112
     23.75	   -2.2227	    0.6961
     23.80	    0.6474	    0.5059
     23.85	    1.0810	   -0.5213
     23.90	    1.6764	    2.8201
     23.95	    0.6373	   -2.9851
     24.00	   -1.0220	   -2.3005
     24.05	   -0.5540	   -2.0761
     24.10	    1.7904	   -3.7962
     24.15	    2.5710	   -2.8496
     24.20	    1.2185	   -0.4460
     24.25	   -1.3296	    1.7999
     24.30	   -1.2272	    0.0825
     24.35	    0.2427	   -0.2384
     24.40	    0.2165	   -0.8804
     24.45	    0.4338	   -1.0990
     24.50	    0.7107	   -3.3355
     24.55	   -1.1878	   -3.8394
     24.60	    0.9518	    0.7939
     24.65	    1.6432	   -2.6131
     24.70	    4.0363	    0.8330
     24.75	    3.6766	    2.7819
     24.80	    2.2632	   -2.7964
     24.85	   -0.8152	    3.2296
     24.90	   -0.9817	    0.3150
     24.95	   -0.7759	    1.0558
     25.00	    0.2648	   -2.0139
     25.05	    1.7054	    2.0557
     25.10	    0.6830	    1.7646
     25.15	    0.9863	   -3.8727
     25.20	   -0.1035	    3.0883
     25.25	    0.1904	   -1.1429
     25.30	    0.4859	   -2.8027
     25.35	    0.9610	    1.9923
     25.40	    2.1374	   -0.7186
     25.45	    2.2363	   -2.2179
     25.50	    4.1111	    0.4356
     25.55	    1.7195	   -0.6101
     25.60	   -0.2661	    3.2350
     25.65	   -2.5274	   -3.1709
     25.70	   -2.9451	    0.0303
     25.75	    0.1376	   -1.7476
     25.80	    2.9121	   -0.2549
     25.85	    3.4235	    0.1977
     25.90	    1.3660	   -2.3085
     25.95	   -0.2771	    2.2437
     26.00	   -1.4182	   -2.3777
     26.05	    0.8486	    3.4892
     26.10	    1.6548	   -2.4691
     26.15	    3.0214	   -2.6815
     26.20	    1.6387	    1.5894
     26.25	    0.9849	    0.1883
     26.30	   -1.7489	    3.9411
     26.35	   -1.5056	   -3.4085
     26.40	   -1.0639	   -0.9441
     26.45	   -0.8754	    0.3386
     26.50	   -0.4326	    3.6265
     26.55	    0.7742	   -0.9345
     26.60	    1.8254	   -3.5035
     26.65	    0.6772	    3.8831
     26.70	   -0.0361	   -1.9238
     26.75	   -0.4254	   -3.3667
     26.80	   -0.8153	    0.4754
     26.85	    0.0202	    1.7750
     26.90	    1.5513	    3.3635
     26.95	    1.1516	    0.9461
     27.00	   -1.1003	   -1.8686
     27.05	   -3.3906	    3.3040
     27.10	   -3.5858	   -3.7181
     27.15	   -2.4040	   -2.6228
     27.20	    0.0189	    0.7350
     27.25	   -0.4189	   -3.1723
     27.30	   -1.1092	    2.0070
     27.35	   -1.1444	   -0.4839
     27.40	   -0.9429	    2.6972
     27.45	    0.7890	    2.8201
     27.50	    0.4527	    0.3990
     27.55	   -0.1463	   -0.4598
     27.60	   -2.5976	    3.6750
     27.65	   -2.6383	    3.2858
     27.70	   -2.5612	   -0.5590
     27.75	   -0.1260	    3.3039
     27.80	   -1.1575	   -0.2242
     27.85	   -0.9618	   -3.6519
     27.90	   -2.9105	    1.6129
     27.95	   -1.7024	   -0.2460
     28.00	   -1.0111	   -3.3332
     28.05	    0.6856	   -2.7751
     28.10	    0.2384	    0.8212
     28.15	    0.2674	   -2.9890
     28.20	    1.5936	    3.0217
     28.25	    0.9022	    2.5240
     28.30	   -0.7490	    1.0240
     28.35	   -1.0355	    2.2309
     28.40	   -4.1635	    3.2221
     28.45	   -2.0100	    0.8657
     28.50	   -1.8790	    1.4513
     28.55	    1.2770	   -2.8237
     28.60	    2.0933	    3.7506
     28.65	    0.4938	    0.7733
     28.70	   -2.4060	   -1.8037
     28.75	   -2.0828	   -1.2040
     28.80	   -0.6492	   -2.2343
     28.85	    3.0161	    2.1349
     28.90	    4.0312	    1.4331
     28.95	    1.1650	    3.0989
     29.00	   -1.6110	    3.8155
     29.05	   -1.5067	    3.4869
     29.10	   -1.6853	    1.1750
     29.15	   -0.3833	   -0.9916
     29.20	   -0.1979	    0.9996
     29.25	    0.5040	   -0.7899
     29.30	   -0.0005	   -0.9164
     29.35	    0.8900	    1.4871
     29.40	    0.5923	   -0.3176
     29.45	    0.1774	   -0.6826
     29.50	   -0.0358	   -1.8080
     29.55	    1.4588	    3.7055
     29.60	    1.8098	   -1.7750
     29.65	    2.4515	   -0.9432
     29.70	    2.5837	   -0.7398
     29.75	   -0.5689	   -1.6678
     29.80	   -1.5644	   -2.9031
     29.85	   -2.0922	    2.2172
     29.90	   -0.9426	   -3.4657
     29.95	    2.2523	   -1.4381
     30.00	    1.6943	   -1.3040
     30.05	    1.6331	    0.9172
     30.10	    1.2662	    2.9634
     30.15	    0.4969	   -3.4407
     30.20	    2.2997	   -3.3487
     30.25	    3.1099	    3.6343
     30.30	    2.1029	    0.6888
     30.35	    0.5856	   -2.1687
     30.40	   -0.1367	    0.1138
     30.45	   -0.5919	    0.2638
     30.50	    0.7404	    0.2847
     30.55	    0.3497	   -3.3993
     30.60	    0.2102	   -3.0627
     30.65	    0.1742	    3.7126
     30.70	    0.3596	   -3.9777
     30.75	    0.8086	   -0.7497
     30.80	    2.3797	   -1.8291
     30.85	    2.1538	   -1.4197
     30.90	    1.7149	   -2.7335
     30.95	    2.0549	    0.4577
     31.00	    0.6747	    1.9391
     31.05	    0.6847	   -0.0009
     31.10	   -0.7215	   -2.7124
     31.15	   -0.8684	   -1.8958
     31.20	   -0.4754	    3.6033
     31.25	    0.1578	   -0.8118
     31.30	    0.9283	   -2.8398
     31.35	    0.3129	    1.1555
     31.40	    0.7732	   -3.6773
     31.45	   -1.6858	   -0.7923
     31.50	   -1.5753	   -3.7725
     31.55	   -0.2864	   -3.6595
     31.60	    3.7166	   -0.8764
     31.65	    4.1827	    2.8866
     31.70	    2.4604	   -0.6423
     31.75	   -1.7595	   -0.5963
     31.80	   -3.4781	   -3.3699
     31.85	   -3.3848	   -1.0426
     31.90	   -0.2041	   -3.5759
     31.95	   -0.4814	    2.8057
     32.00	    0.3340	    2.0419
     32.05	   -0.0020	    3.0150
     32.10	   -0.9604	   -0.1863
     32.15	   -2.0803	    3.7283
     32.20	   -0.9519	    0.6857
     32.25	   -1.1225	   -2.0014
     32.30	    0.1428	    1.9998
     32.35	    0.8940	    3.2437
     32.40	    0.2272	   -0.6545
     32.45	   -0.2563	    0.7283
     32.50	   -1.8183	    2.4067
     32.55	   -4.1999	   -0.5824
     32.60	   -3.2041	   -3.6165
     32.65	   -3.1294	   -2.1921
     32.70	   -0.5552	    3.0345
     32.75	    0.2666	    0.1013
     32.80	    0.3192	    0.8133
     32.85	   -2.3557	   -2.9912
     32.90	   -2.5354	    0.7895
     32.95	   -0.0924	    1.1299
     33.00	   -0.2804	    2.2944
     33.05	    0.6012	    3.6644
     33.10	   -0.7325	   -1.3848
     33.15	   -0.6887	   -2.9787
     33.20	   -1.6608	   -3.1334
     33.25	   -1.0308	   -1.3279
     33.30	   -1.5049	   -2.4267
     33.35	   -0.7719	    2.5258
     33.40	   -1.8581	   -0.6175
     33.45	   -2.0543	   -1.1208
     33.50	   -0.6270	    1.1441
     33.55	    1.4034	   -1.0854
     33.60	    1.9501	    1.6043
     33.65	    0.1556	    3.9492
     33.70	   -1.0641	   -2.3225
     33.75	   -0.6918	    1.4580
     33.80	   -0.8188	   -3.9785
     33.85	    0.0851	    2.1386
     33.90	    0.1504	   -2.2877
     33.95	   -1.6886	   -0.6061
     34.00	   -0.1494	   -3.4716
     34.05	    0.3651	   -1.6621
     34.10	   -0.1314	    3.7638
     34.15	   -0.6785	    0.0504
     34.20	   -1.2430	   -2.5764
     34.25	   -1.2173	   -1.9137
     34.30	    0.2551	    3.2619
     34.35	    2.8103	    3.4479
     34.40	    3.4166	    1.0815
     34.45	    2.2362	    1.9779
     34.50	   -0.4154	    0.1927
     34.55	   -1.9744	    2.0158
     34.60	   -2.1458	    0.6762
     34.65	   -0.5910	    0.3629
     34.70	    1.5610	   -1.4290
     34.75	    2.7926	   -1.7534
     34.80	    0.7162	    2.1799
     34.85	   -0.8915	   -0.7149
     34.90	   -0.3730	    0.0246
     34.95	    1.4410	   -1.2357
     35.00	    2.4361	   -2.5010
     35.05	    3.9085	    1.3030
     35.10	    1.9127	    0.3043
     35.15	    1.0627	   -2.2771
     35.20	    1.7554	    2.3045
     35.25	   -0.0976	   -2.3098
     35.30	   -0.5097	    3.9800
     35.35	   -2.1856	   -0.0862
     35.40	    0.6517	    1.2428
     35.45	    0.9584	   -3.7802
     35.50	    2.6212	   -2.7991
     35.55	    1.8914	   -0.9195
     35.60	   -0.7203	   -1.6980
     35.65	   -1.4901	    1.4467
     35.70	    0.6295	    2.5622
     35.75	    1.9675	   -2.6008
     35.80	    3.1207	    1.7735
     35.85	    2.0450	    1.8180
     35.90	   -0.3935	    2.9433
     35.95	   -2.0655	    0.5587
     36.00	   -0.8377	    1.8496
     36.05	    0.0348	   -2.0079
     36.10	    0.0999	   -0.3871
     36.15	   -0.0677	    3.8894
     36.20	    0.7505	    1.3319
     36.25	    0.8932	   -0.9125
     36.30	    1.7385	   -2.3958
     36.35	    2.4738	    2.2731
     36.40	    1.1674	    3.1359
     36.45	    0.8433	    0.1456
     36.50	   -0.8181	   -0.4207
     36.55	    0.0904	    1.1336
     36.60	   -0.2818	   -3.6403
     36.65	    0.7805	    3.5781
     36.70	   -1.3934	    3.9105
     36.75	   -1.0355	    1.2833
     36.80	   -2.6202	    3.4946
     36.85	   -0.5673	    1.8606
     36.90	    0.1230	    1.0274
     36.95	   -0.0018	   -3.3333
     37.00	   -0.8036	   -2.8872
     37.05	    0.1523	   -0.3918
     37.10	    0.7040	    2.9838
     37.15	    2.2215	    3.3347
     37.20	   -0.0402	   -1.0423
     37.25	   -1.0246	    0.0552
     37.30	   -3.8081	   -2.1931
     37.35	   -3.4735	    3.0590
     37.40	   -1.3745	   -1.1354
     37.45	    0.9029	   -3.9704
     37.50	   -0.4938	   -0.4246
     37.55	    0.2897	    0.7522
     37.60	   -0.5469	   -0.4507
     37.65	    0.6453	   -0.5975
     37.70	   -0.1759	   -0.9581
     37.75	    0.6707	    0.6474
     37.80	   -0.4097	    0.9800
     37.85	    0.5014	    0.9365
     37.90	    0.4551	    0.6179
     37.95	   -0.5507	   -0.6468
     38.00	    0.0452	   -0.8381
     38.05	   -0.6504	    0.1404
     38.10	    0.5424	    0.4523
     38.15	    0.1013	   -0.4376
     38.20	   -0.8693	    0.5157
     38.25	   -0.5259	    0.7472
     38.30	   -0.7561	   -0.9160
     38.35	   -0.2792	   -0.7079
     38.40	   -0.6476	    0.8668
     38.45	   -0.5424	    0.8005
     38.50	    0.1658	    0.7489
     38.55	   -0.0810	   -0.3395
     38.60	    0.3127	   -0.9062
     38.65	    0.5345	    0.5501
     38.70	    0.7573	   -0.7546
     38.75	    0.0860	   -0.2058
     38.80	    0.8716	    0.1292
     38.85	   -0.9571	    0.7440
     38.90	    0.2239	   -0.0950
     38.95	   -0.9756	    0.6287
     39.00	    0.7411	    0.1051
     39.05	   -0.5414	    0.4508
     39.10	   -0.7436	    0.4402
     39.15	   -0.6701	   -0.8836
     39.20	    0.4134	   -0.9375
     39.25	    0.5766	    0.4843
     39.30	   -0.2802	    0.9439
     39.35	   -0.8003	   -0.0520
     39.40	    0.0977	   -0.9795
     39.45	   -0.8290	   -0.5819
     39.50	    0.7043	    0.1575
     39.55	   -0.6198	   -0.3436
     39.60	   -0.1415	   -0.9713
     39.65	   -0.9955	    0.5699
     39.70	    0.7678	   -0.9834
     39.75	   -0.2862	    0.5488
     39.80	   -0.9431	   -0.4864
     39.85	   -0.6391	    0.9250
     39.90	   -0.5875	    0.6922
     39.95	   -0.3698	   -0.4994
     40.00	   -0.2275	   -0.9623
     40.05	    0.8347	   -0.7790
     40.10	    0.4862	    0.0819
     40.15	    0.2761	   -0.6585
     40.20	   -0.5638	    0.9092
     40.25	   -0.6508	    0.2058
     40.30	   -0.0938	    0.8298
     40.35	   -0.4858	   -0.6379
     40.40	    0.6776	    0.3677
     40.45	    0.6228	   -0.6013
     40.50	    0.5320	    0.9678
     40.55	   -0.5435	   -0.7731
     40.60	    0.2297	   -0.1055
     40.65	   -0.0822	    0.5954
     40.70	    0.0233	   -0.2935
     40.75	    0.7241	   -0.0680
     40.80	    0.1405	    0.0087
     40.85	    0.9034	    0.4260
     40.90	    0.7969	   -0.2010
     40.95	    0.5230	    0.0416
     41.00	   -0.0806	    0.7587
     41.05	   -0.0768	   -0.7419
     41.10	   -0.1334	    0.1471
     41.15	   -0.5936	    0.2163
     41.20	    0.9486	    0.4004
     41.25	    0.9996	   -0.1856
     41.30	   -0.4486	   -0.7669
     41.35	    0.0817	    0.3102
     41.40	    0.5490	    0.5122
     41.45	    0.9417	   -0.6036
     41.50	   -0.3393	    0.9072
     41.55	    0.0956	   -0.4477
     41.60	    0.3149	    0.7745
     41.65	   -0.8678	   -0.7127
     41.70	   -0.9933	    0.3415
     41.75	   -0.7893	    0.4955
     41.80	    0.2387	    0.8552
     41.85	   -0.7004	   -0.8442
     41.90	   -0.1944	   -0.8985
     41.95	    0.1708	   -0.2567
     42.00	   -0.2790	    0.0834
     42.05	   -0.3261	    0.3036
     42.10	   -0.6578	   -0.7520
     42.15	    0.7116	    0.7132
     42.20	   -0.9897	   -0.4267
     42.25	   -0.7025	    0.0370
     42.30	   -0.2021	    0.3873
     42.35	    0.3341	    0.4645
     42.40	    0.5018	   -0.3952
     42.45	   -0.7130	    0.0395
     42.50	   -0.8598	   -0.8704
     42.55	   -0.4834	    0.5447
     42.60	    0.4692	    0.6358
     42.65	    0.6008	    0.1219
     42.70	    0.7376	    0.3836
     42.75	   -0.4882	    0.4400
     42.80	    0.4029	   -0.5287
     42.85	    0.6917	   -0.5715
     42.90	   -0.4055	    0.8959
     42.95	    0.2607	    0.6467
     43.00	   -0.8287	    0.6306
     43.05	    0.1868	   -0.0894
     43.10	    0.8902	    0.3675
     43.15	   -0.5455	    0.3809
     43.20	   -0.4887	   -0.7100
     43.25	   -0.6045	    0.4832
     43.30	   -0.9540	    0.1612
     43.35	   -0.7671	    0.0133
     43.40	   -0.0356	   -0.1905
     43.45	   -0.3033	    0.9600
     43.50	    0.9932	    0.7682
     43.55	   -0.4369	   -0.9714
     43.60	    0.4510	    0.9014
     43.65	   -0.0263	   -0.1627
     43.70	    0.8792	    0.7754
     43.75	   -0.0911	    0.4153
     43.80	   -0.0421	   -0.8071
     43.85	    0.1057	    0.1887
     43.90	   -0.5028	   -0.1808
     43.95	   -0.5431	    0.1452
     44.00	    0.3331	   -0.8674
     44.05	    0.1844	   -0.6212
     44.10	    0.8241	    0.1498
     44.15	    0.0001	    0.7913
     44.20	   -0.6923	   -0.2168
     44.25	   -0.7626	    0.5697
     44.30	   -0.1612	    0.1632
     44.35	    0.3155	    0.0929
     44.40	    0.6114	    0.2225
     44.45	   -0.5563	    0.2937
     44.50	    0.4938	    0.3050
     44.55	   -0.3129	   -0.7382
     44.60	   -0.1730	    0.8732
     44.65	    0.0013	    0.0806
     44.70	    0.6770	    0.9884
     44.75	   -0.9257	    0.7405
     44.80	   -0.3036	   -0.6023
     44.85	    0.4984	    0.8647
     44.90	   -0.0235	    0.5336
     44.95	   -0.0427	   -0.0856
     45.00	   -0.6464	    0.9376
     45.05	    0.7026	   -0.4153
     45.10	   -0.1793	   -0.6130
     45.15	   -0.3257	   -0.0994
     45.20	   -0.0823	   -0.3654
     45.25	    0.2548	    0.4053
     45.30	    0.0907	    0.4793
     45.35	   -0.8477	   -0.0634
     45.40	    0.3350	    0.1822
     45.45	    0.0705	   -0.9356
     45.50	   -0.8623	    0.2023
     45.55	   -0.9101	   -0.7714
     45.60	   -0.6326	   -0.5853
     45.65	   -0.6419	    0.2089
     45.70	   -0.7590	   -0.1549
     45.75	    0.6935	    0.7239
     45.80	   -0.3674	    0.4687
     45.85	    0.4512	   -0.1811
     45.90	    0.0754	   -0.4000
     45.95	   -0.8791	   -0.9575
     46.00	   -0.1730	    0.2210
     46.05	    0.5060	   -0.8023
     46.10	    0.8633	   -0.1127
     46.15	    0.9029	    0.3693
     46.20	   -0.2944	   -0.9818
     46.25	    0.1217	   -0.1043
     46.30	   -0.6515	    0.7007
     46.35	    0.0988	    0.6134
     46.40	    0.0695	   -0.2556
     46.45	   -0.8452	   -0.2133
     46.50	    0.0994	   -0.3295
     46.55	   -0.1074	   -0.6751
     46.60	    0.0998	   -0.7015
     46.65	    0.9066	   -0.4471
     46.70	   -0.1154	    0.4310
     46.75	   -0.5624	    0.6171
     46.80	    0.8714	   -0.6674
     46.85	    0.3381	   -0.7381
     46.90	    0.6454	    0.9265
     46.95	    0.2981	    0.0393
     47.00	   -0.5458	   -0.0376
     47.05	   -0.5218	    0.9880
     47.10	   -0.9567	    0.3142
     47.15	   -0.8196	    0.2675
     47.20	    0.3549	    0.0508
     47.25	    0.0705	    0.2737
     47.30	    0.3834	   -0.2739
     47.35	   -0.5997	   -0.7287
     47.40	   -0.5226	   -0.7973
     47.45	   -0.2778	   -0.0970
     47.50	   -0.8548	   -0.7398
     47.55	    0.4909	   -0.4921
     47.60	    0.1535	    0.0472
     47.65	   -0.8878	    0.0939
     47.70	    0.7607	    0.2994
     47.75	   -0.0044	    0.1971
     47.80	    0.8176	    0.2290
     47.85	   -0.0592	   -0.8151
     47.90	   -0.2624	   -0.0303
     47.95	    0.1776	    0.6634
     48.00	    0.6728	    0.7543
     48.05	    0.5787	    0.0630
     48.10	    0.7802	   -0.0510
     48.15	    0.3192	   -0.6606
     48.20	   -0.4182	    0.9758
     48.25	   -0.5322	    0.0111
     48.30	   -0.1888	   -0.8953
     48.35	    0.8336	    0.0787
     48.40	   -0.7060	   -0.8035
     48.45	    0.6658	   -0.4115
     48.50	   -0.1517	   -0.1699
     48.55	    0.4926	   -0.5841
     48.60	   -0.0971	   -0.8201
     48.65	    0.7723	   -0.0614
     48.70	    0.5473	   -0.6618
     48.75	   -0.4901	    0.3965
     48.80	   -0.5786	    0.3551
     48.85	   -0.3962	    0.9999
     48.90	   -0.5262	   -0.4559
     48.95	    0.4388	   -0.1673
     49.00	   -0.2799	   -0.8436
     49.05	    0.2209	    0.3852
     49.10	   -0.7244	   -0.4982
     49.15	    0.1953	   -0.0276
     49.20	    0.9426	   -0.2506
     49.25	    0.9384	    0.4798
     49.30	   -0.7403	   -0.7536
     49.35	   -0.5907	   -0.3823
     49.40	   -0.2917	   -0.6078
     49.45	    0.5375	    0.2672
     49.50	    0.9113	    0.6746
     49.55	    0.7071	   -0.8198
     49.60	   -0.2917	   -0.1880
     49.65	   -0.3195	    0.0717
     49.70	    0.1359	    0.7821
     49.75	    0.6187	    0.7714
     49.80	   -0.3251	   -0.2933
     49.85	    0.4814	   -0.2246
     49.90	    0.8061	   -0.4715
     49.95	   -0.5900	    0.4178
